Questo è il risultato dell'esercizio Board con quadrato di ordine 3 :
Minimum number of moves = 26

3	1
 4 5 6
 1 2 0
 9 8 3

3	2
 4 5 0
 1 2 6
 9 8 3

3	3
 4 0 5
 1 2 6
 9 8 3

3	4
 4 2 5
 1 0 6
 9 8 3

3	5
 4 2 5
 1 8 6
 9 0 3

3	6
 4 2 5
 1 8 6
 0 9 3

3	7
 4 2 5
 0 8 6
 1 9 3

3	8
 4 2 5
 8 0 6
 1 9 3

3	9
 4 2 5
 8 6 0
 1 9 3

3	10
 4 2 5
 8 6 3
 1 9 0

3	11
 4 2 5
 8 6 3
 1 0 9

3	12
 4 2 5
 8 6 3
 0 1 9

3	13
 4 2 5
 0 6 3
 8 1 9

3	14
 0 2 5
 4 6 3
 8 1 9

3	15
 2 0 5
 4 6 3
 8 1 9

3	16
 2 5 0
 4 6 3
 8 1 9

3	17
 2 5 3
 4 6 0
 8 1 9

3	18
 2 5 3
 4 0 6
 8 1 9

3	19
 2 5 3
 4 1 6
 8 0 9

3	20
 2 5 3
 4 1 6
 0 8 9

3	21
 2 5 3
 0 1 6
 4 8 9

3	22
 2 5 3
 1 0 6
 4 8 9

3	23
 2 0 3
 1 5 6
 4 8 9

3	24
 0 2 3
 1 5 6
 4 8 9

3	25
 1 2 3
 0 5 6
 4 8 9

3	26
 1 2 3
 4 5 6
 0 8 9
Execution time in milliseconds: 26129
Execution time in seconds: 26
